dicastes01,205,189,7	script	уеинь обк	47,13,13,{
function Get_Job_Equip;
function getitemarray;
OnPCLoginEvent:
    if(Class != Novice) end;
    mes "[^0000ffуеинь обк^000000]";
    mes mesAr("убЭШЧ№ Шп нэ ЬвбЩ бц!!");
    mes mesAr("ЭэЫ эупфп Уф ЪеШЭ Уоць ЧссЧкШэф");
    mes mesAr("цЪхву Ьуэк ЧсцЭцццдцдццд!!");
    next;
    mes mesAr("ЧЮЪб ухфЪп");
    next;
    mes "[^0000ffуеинь обк^000000]";
    for (.@i = 0; .@i < getarraysize(.job); .@i++)
		.@menu$ = .@menu$ + jobname(.job[.@i]) + ":";
	.@s = select(.@menu$)-1;
    jobchange .job[.@s];
    BaseLevel = 175;
    JobLevel = 50;
	specialeffect2 EF_ANGEL2;
	specialeffect2 EF_ELECTRIC;
	callfunc "F_GetPlatinumSkills";
    atcommand("@allskills");
	if (.GetJobEquip) Get_Job_Equip();
    close;
function	Get_Job_Equip	{
        getitem 18670,1;
        getitem 18894,1;
        getitem2 18509,1,1,9,0,0,0,0,0;
        getitem2 2115,1,1,9,0,0,0,0,0;
        getitem 2898,2;
        getitem 5325,1;
        getitem 4058,1;
        getitem 4031,1;
        getitem2 100000,1,1,9,0,0,0,0,0;
        getitem2 100001,1,1,9,0,0,0,0,0;
        getitem2 100002,1,1,9,0,0,0,0,0;
        getitem2 22008,1,1,9,0,0,0,0,0;
        getitem2 2576,1,1,9,0,0,0,0,0;
        // getitem 1228,1;
        getitem 515,25000;
        getitem 4140,1;
        getitem 4133,1;
        getitem 4107,1;

        .@pos = inarray(.job,Class);
        //getitemarray(.blackset$,1,9);
        getitemarray(.jobequip$[.@pos]);
        return;
}
function    getitemarray    {
    .@str$ = getarg(0);
    //.@amt = getarg(1);
    //.@refine = getarg(2);
    if(.@str$ == "") return;
    if(!.@amt) .@amt = 1;
    if(!.@refine) .@refine = 0;
    explode(.@arr$, .@str$, "|");
    for(.@i = 0; .@i < getarraysize(.@arr$); .@i=.@i+3) {
        getitem2 atoi(.@arr$[.@i]), atoi(.@arr$[.@i+1]),1,atoi(.@arr$[.@i+2]),0,0,0,0,0;
    }
}

OnInit:
	waitingroom "ЧЮЪэЧб ЧсухфЩ",0;
    .GetJobEquip = True;
    //DEF Equipments:
    setarray .job[0],JOB_RUNE_KNIGHT_T,JOB_WARLOCK_T,JOB_RANGER_T,JOB_ARCH_BISHOP_T,JOB_MECHANIC_T,JOB_GUILLOTINE_CROSS_T,JOB_ROYAL_GUARD_T,JOB_SORCERER_T,JOB_MINSTREL_T,JOB_WANDERER_T,JOB_SURA_T,JOB_GENETIC_T,JOB_SHADOW_CHASER_T,JOB_KAGEROU,JOB_OBORO,JOB_REBELLION,JOB_SUMMONER,JOB_STAR_EMPEROR,JOB_SOUL_REAPER;
    setarray .jobequip$[0]
                    ,"1436|1|9|21001|1|9|1498|1|12|1443|1|12|5361|1|0|22006|1|9|12728|60|0|12732|60|0|12733|60|0|12731|60|0|12729|60|0|12730|60|0|12726|60|0|12725|60|0|12727|60|0|18563|1|9|15093|1|9"//RK
                    ,"18539|1|9|1636|1|9|2016|1|9|2701|2|0|5463|1|0|1680|1|12|18849|1|9|100069|1|0|100071|1|0|100070|1|0|100065|1|0|5464|1|9"//Warlock
                    ,"18113|1|9|18114|1|9|18111|1|9|18130|1|12|2899|1|0|18522|1|9|5592|1|0|5361|1|0|15042|1|9|1765|15|0|1751|15|0|1752|15|0|1754|15|0|1755|15|0|1756|15|0|1757|15|0|1762|15|0|1766|15|0|1767|15|0"//Ranger add woe ammo & unlimited arrow
                    ,"1586|1|9|18539|1|9|18849|1|9|5463|1|0|16018|1|9|2472|1|9|2570|1|9|15030|1|9|2701|2|0|2156|1|9|2864|1|0"//AB
                    ,"1395|1|9|1396|1|9|1549|1|9|5361|1|0|16040|1|12|13413|1|9|18563|1|9"//mechanic
                    ,"5389|1|0|5767|1|0|5361|1|0|22006|1|9|28007|1|12|12717|60|0|12722|60|0|12720|60|0|12718|60|0|12724|60|0|12723|60|0|12721|60|0|12719|60|0|18563|1|9"//GLT
                    ,"1436|1|9|21001|1|9|1498|1|12|1443|1|12|5361|1|0|22006|1|9|1433|1|9|18522|1|9|2148|1|9|18563|1|9"//RG
                    ,"18539|1|9|1636|1|9|2016|1|9|2701|2|0|1587|1|9|28604|1|12|5463|1|0|1680|1|12|18849|1|9"//Sorcerer
                    ,"18113|1|9|18114|1|9|18111|1|9|18130|1|12|2899|2|0|18522|1|9|5592|1|0|5361|1|0|18123|1|9|1935|1|9|18563|1|9"//Minstrel
                    ,"18113|1|9|18114|1|9|18111|1|9|18130|1|12|2899|2|0|18522|1|9|5592|1|0|5361|1|0|18123|1|9|1985|1|9|18563|1|9"//Wanderer
                    ,"1832|1|9|5361|1|0|16003|2|9|2701|2|0"//sura
                    ,"13412|1|9|2701|2|0|18000|1|0|18001|1|0|18002|1|0|18003|1|0|18004|1|0|100003|1|0"//genetic
                    ,"909|1|0|2701|2|0|18113|1|9|18114|1|9|18111|1|9"//SC
                    ,"5361|1|0|18539|1|9|18522|1|9|5463|1|0|13090|2|9|13078|2|9|1231|2|9|13332|1|9|2701|2|0|13255|1|0|13256|1|0|13257|1|0|13258|1|0|13259|1|0|13294|1|0|13291|1|0"//Kagerou
                    ,"5361|1|0|18539|1|9|18522|1|9|5463|1|0|13090|2|9|13078|2|9|1231|2|9|13332|1|9|2701|2|0|13255|1|0|13256|1|0|13257|1|0|13258|1|0|13259|1|0|13294|1|0|13291|1|0"//Oboro
                    ,"5361|1|0|18522|1|9|13127|1|12|13198|1|9|13215|1|0|13210|1|0|13211|1|0|13212|1|0|13220|1|0|13216|1|0|13217|1|0|13218|1|0|13219|1|0|13223|1|0|13224|1|0|13227|1|0|13225|1|0|13226|1|0"//Rebel
                    ,"5361|1|0|18522|1|9|5463|1|0|18849|1|9|1697|1|9|1693|1|9|15156|1|9|20790|1|9|22085|1|9"//summoner
                    ,"1587|1|9|28604|1|12"//SE
                    ,"18539|1|9|1636|1|9|2016|1|9|2701|2|0|5463|1|0|1680|1|12|18849|1|9";//SR
    end;
}